# Source map 16, current final Level 14 (formerly Level 12).
# Derived from user recording level-16-44221578.txt, 2026-09-21.
# 19-shot compact route: same core approach as the user recording.
level 16
f 18 2 0
f 29 0 0
f 3 1 0
f 1 0 1 1 332.08333333333331 135.83333333333334
f 1 0 1 0 234.58333333333334 264.16666666666669
f 4 1 0
f 24 0 0
f 3 1 0
f 4 1 0
f 9 0 0
f 34 1 0
f 13 1 0
f 24 0 0
f 5 1 0
f 2 1 0
f 1 1 1 0 235.41666666666666 270.83333333333331
f 32 0 0
f 19 2 0
f 4 4 0
f 1 0 1 1 522.91666666666663 266.25
f 46 1 0
f 77 0 0
f 1 0 1 0 391.66666666666669 300.83333333333331
f 1 0 1 1 524.16666666666663 258.33333333333331
f 4 4 0
f 4 6 0
f 5 2 0
f 18 2 0
f 7 6 0
f 6 2 0
f 26 0 0
f 17 1 0
f 8 0 0
f 4 1 0
f 6 0 0
f 6 1 0
f 73 0 0
f 1 0 1 1 235.83333333333334 269.58333333333331
f 15 2 0
f 11 6 0
f 4 4 0
f 1 0 1 1 327.91666666666669 133.33333333333334
f 1 0 1 1 327.91666666666669 133.33333333333334
f 52 1 0
f 1 0 1 0 318.75 467.5
f 14 2 0
f 12 1 0
f 1 0 1 1 226.25 282.5
f 26 1 0
f 22 2 0
f 9 1 0
f 11 6 0
f 14 6 0
f 10 6 0
f 30 2 0
f 1 0 1 0 718.75 399.16666666666669
f 10 2 0
f 10 6 0
f 7 6 0
f 14 0 0
f 2 4 0
f 5 6 0
f 1 0 1 1 329.16666666666669 135.83333333333334
f 1 0 1 1 329.16666666666669 135.83333333333334
f 1 4 0
f 6 5 0
f 1 5 1 0 738.33333333333337 398.33333333333331
f 11 6 0
f 3 2 0
f 7 2 0
f 18 0 0
f 7 1 0
f 1 0 1 1 233.33333333333334 263.75
f 27 1 0
f 1 0 1 1 576.25 271.66666666666669
f 7 6 0
f 12 0 0
f 3 2 0
f 1 0 1 0 684.16666666666663 221.66666666666666
f 5 1 0
f 1 0 1 1 596.25 155.41666666666666
f 9 2 0
f 13 6 0
f 7 0 0
f 15 2 0
f 3 6 0
f 5 0 0
f 4 1 0
f 1 16 0
